Letter N

11,50 19,50;11,0 19,0;31,51 39,51;31,0 39,0
20,31 20,49;20,0 20,20;30,31 30,49;30,0 30,20
9,1 9,49;41,1 41,48
22,29 28,29;22,22 28,22

51,50 59,50;51,0 59,0;71,51 79,51;71,0 79,0
60,31 60,49;60,0 60,20;70,31 70,49;70,0 70,20
49,1 49,49;81,1 81,48
62,29 68,29;62,22 68,22

51,150 59,150;51,100 59,100;71,151 79,151;71,100 79,100
60,131 60,149;60,100 60,120;70,131 70,149;70,100 70,120
49,101 49,149;81,101 81,148
62,129 68,129;62,122 68,122

151,150 159,150;151,100 159,100;171,151 179,151;171,100 179,100
160,131 160,149;160,100 160,120;170,131 170,149;170,100 170,120
155,101 155,149;181,101 181,148
162,129 168,129;162,122 168,122

Unknown letter

151,150 159,150;151,100 159,100;171,151 179,151;171,100 179,100
160,131 160,149;160,100 160,120;170,131 170,149;170,100 170,120
195,101 195,149;181,101 181,148
162,129 168,129;162,122 168,122


Format

L00(11,50 19,50); L01(11,0 19,0);  L02(31,51 39,51); L03(31,0 39,0)

L10(20,31 20,49);  L11(20,0 20,20); L12(30,31 30,49); L13(30,0 30,20)

L20(9,1 9,49);    L21(41,1 41,48); 

L30(22,29 28,29); L31(22,22 28,22);